10689213245;39304952279
10689213426;40370464078
10689228088;40758710071
10689206725;42237298609
10689232660;44163831176
10689206834;521338040775
10689233085;521718314432
10689229918;523782653828
10689212094;525029066183
10689230727;527122606845
10689231542;527603662208
10689228053;528090431933
10689230352;531167984779
10689236150;532894223094
10689230496;533056492929
10689207197;534823833860
10689213804;535790562544
10689233034;536664427652
10689209162;537186669578
10689228149;537656759945
10689208852;537932000594
10689227988;538005715729
10689229532;538199536644
10689232479;539027195317
10689229770;539067902498
10689227731;539338265003
10689230518;540606674601
10689209610;541203039751
10689229798;541411739988
10689209003;541769401750
10689230236;542580255230
10689212605;542770320939
10689213315;543285746351
10689232913;543333614594
10689227845;543421403692
10689237964;543631659196
10689212959;543863290654
10689207233;544116896230
10689233097;544387568918
10689212289;544424827612
10689211964;544493184958
10689230635;544577109512
10689230348;544822292391
10689229674;544904081779
10689208914;545086170695
10689230887;545314538329
10689229432;545704598154
10689206711;545802362064
10689230187;546046118722
10689234681;546406948358
10689229712;549248384436
10689206794;549428801096
10689235158;550923681294
10689230305;551875449517
10689229621;551927814263
10689207127;554412448869
10689229684;554494551503
10689209405;554691927081
10689208892;554791053497
10689232871;555637842795
10689233727;555710244183
10689213185;555711997704
10689229457;555931136547
10689232939;555956988857
10689209261;556093690161
10689229525;556106368033
10689206810;556177158208
10689233839;556192673209
10689227993;556213240155
10689209214;556234661437
10689229430;556285854755
10689236381;556350581083
10689206748;556391552024
10689206985;556408754711
10689213045;556431696863
10689213413;556436819957
10689229428;556563626758
10689234944;556584564170
10689207049;556585052706
10689206919;556607694047
10689206993;556744567987
10689228019;556768778504
10689206704;556794671714
10689215391;556846039004
10689206929;556962181648
10689209025;556968396962
10689213676;557057256919
10689212619;557086502632
10689208974;557200145079
10689228049;557209041757
10689207044;557243327646
10689232799;557272443896
10689229424;557327860490
10689234942;557465151337
10689234749;557467764334
10689213253;557560480793
10689230133;557606983418
10689228702;557683158814
10689206744;557880202700
10689233841;557895799504
10689228663;557900520426
10689231045;557907772923
10689209696;557932596581
10689228233;557996427061
10689206981;558042275854
10689209013;558048081464
10689228156;558048716048
10689235673;558049637591
10689229702;558157003522
10689206923;558323690406
10689232873;558438638969
10689230135;558525421119
10689233077;558526670719
10689213249;558540140017
10689233723;558633581245
10689234077;558772564269
10689230416;558802587915
10689228835;558951790853
10689212278;558968274351
10689213632;559047464991
10689209111;559070926138
10689213615;559175720319
10689230424;559269486594
10689229053;559392508594
10689230821;559483751401
10689233343;559561022997
10689208821;559568043803
10689233091;559774454277
10689234938;559835494762
10689207085;560111163188
10689206925;560299290301
10689234619;560697094863
10689208962;561067369227
10689232658;561116991305
10689234558;561155925625
10689208938;561413927122
10689211968;561619926899
10689232622;561755748839
10689233040;562016361469
10689208902;562417804436
10689207541;562732021842
10689233099;562864410478
10689231354;563143684961
10689229836;563275300636
10689228415;563286428386
10689231826;563312617329
10689230492;563374756879
10689209220;563485349648
10689234372;563551965626
10689212690;563628549865
10689227829;563707288055
10689229668;563717741660
10689209136;563731974861
10689213674;563741370023
10689233079;563853970666
10689209595;563874320901
10689229714;563889118301
10689206717;563933174893
10689228231;563969959600
10689208757;564003871372
10689232652;564063088363
10689213280;564176726603
10689209107;564211876137
10689229606;564253628252
10689227729;564358920110
10689230085;564429961530
10689227630;564436719185
10689231512;564447866981
10689235178;564504181423
10689232707;564512199033
10689208980;564516376952
10689230410;564631330140
10689230790;564672133549
10689230297;564696669729
10689234387;564720089627
10689229650;564764132332
10689230681;564778906476
10689229772;564855415525
10689230656;564867492682
10689232781;564926094833
10689232690;565014498961
10689207471;565074822282
10689233271;565076199904
10689227698;565148122157
10689232761;565180178896
10689213187;565245964838
10689232648;565251247025
10689206802;565386807103
10689230362;565429089362
10689231343;565470904917
10689229426;565506886231
10689230081;565625265152
10689228152;565746312470
10689228429;565924917313
10689213028;565927020748
10689230840;566035260019
10689229700;566280542676
10689206806;566446370480
10689233203;566470125856
10689212438;566472585792
10689235647;566501326416
10689230909;566716831351
10689212698;567404431761
10689230346;567842968647
10689231560;568310014332
10689234416;568832540332
10689206948;568864982073
10689227919;569799333839
10689212040;570199484842
10689206796;570409925195
10689209115;570689438886
10689233633;570703495275
10689234366;571814691356
10689212783;572081525476
10689233374;572756075986
10689235645;572817722318
10689229666;572830788554
10689212501;572959388312
10689228447;573048634745
10689208632;573104358858
10689206746;573117964073
10689213032;573131170476
10689214011;573140760999
10689229876;573187642284
10689231024;573193144307
10689208665;573214521078
10689208884;573246184872
10689212448;573247658362
10689206820;573296314497
10689208819;573313472449
10689232815;573327042987
10689233058;573382640935
10689230502;573530329521
10689232663;573555132404
10689236065;573576125819
10689233042;573639037131
10689212442;573640575098
10689230652;573653528332
10689209191;573683045385
10689227692;573693509628
10689228611;573697350798
10689230685;573699197740
10689209193;573701913438
10689233025;573705530134
10689206798;573750397637
10689228173;573762361219
10689233694;573764720252
10689233089;573770955409
10689206963;573774664608
10689229559;573793586302
10689212017;573807276298
10689209120;573810110798
10689230093;573825690628
10689227953;573847930797
10689206927;573858785621
10689232559;573898544851
10689230663;573913701862
10689231023;573941856003
10689232973;573963557651
10689229805;573968630049
10689232650;573992516585
10689206983;573994504209
10689229530;574050027222
10689211936;574063187611
10689214287;574070155090
10689234285;574083094076
10689208990;574100877656
10689233050;574122411179
10689229089;574129510982
10689230185;574132631434
10689227492;574134173524
10689206706;574135298094
10689227586;574157837619
10689207628;574181216292
10689230799;574192394046
10689227909;574193346329
10689206822;574194625914
10689208940;574219245332
10689206910;574220183908
10689209513;574229052132
10689230350;574235130260
10689228097;574251954867
10689228051;574266730558
10689230514;574267686232
10689208660;574270609267
10689229686;574294151295
10689206816;574299051310
10689234796;574301330524
10689212669;574302826023
10689206723;574308424678
10689207060;574322281306
10689232795;574327430958
10689209353;574331433258
10689227735;574338781290
10689213006;574339991594
10689207100;574347259364
10689229734;574357419268
10689233103;574357479686
10689209400;574359931445
10689232763;574364288027
10689208817;574366172192
10689230659;574374502227
10689211773;574377842281
10689209009;574387090475
10689233635;574434904107
10689234279;574476187220
10689232999;574479680634
10689232715;574498904799
10689236714;574511533702
10689214121;574514513473
10689229724;574520833668
10689234677;574524592081
10689230418;574545587024
10689213422;574568077633
10689227893;574569222274
10689212280;574614004365
10689229962;574625244058
10689233095;574629786212
10689233044;574633126879
10689206975;574663944429
10689231828;574667916030
10689233201;574675516199
10689208896;574681198807
10689232576;574681230173
10689232856;574690374543
10689229436;574722803169
10689228021;574727414552
10689233056;574734331186
10689211984;574737128167
10689233087;574741408250
10689234489;574773693956
10689211982;574793904980
10689208890;574832809547
10689232732;574838783092
10689229561;574845356157
10689229698;574861623875
10689232505;574861651966
10689228086;574864731154
10689231019;574876083479
10689206697;574886892432
10689230940;574904811511
10689206931;574907779198
10689228434;574928802843
10689234554;574933942388
10689233062;574939758904
10689209113;574940134061
10689230508;574943982632
10689233138;574979059654
10689211962;574995949460
10689234464;574996250204
10689208603;575036621613
10689230408;575050166137
10689236419;575057074709
10689233729;575059989157
10689208898;575124373258
10689213730;575125490183
10689212898;575127214281
10689229455;575141378393
10689233337;575149412823
10689233273;575163774525
10689233052;575163945711
10689212001;575181940211
10689213498;575186693219
10689230412;575199342958
10689228030;575208588707
10689234798;575211739203
10689230712;575220984169
10689231167;575232834095
10689230342;575236921188
10689228599;575257040641
10689230295;575267452744
10689212067;575269567166
10689206965;575270332143
10689234794;575276395755
10689206936;575306536236
10689230428;575313573782
10689229694;575314916422
10689232711;575319486789
10689228577;575323862390
10689233835;575330876845
10689228090;575352946671
10689209142;575363971278
10689206872;575365349046
10689213199;575375570261
10689228890;575387599443
10689233757;575399392195
10689230143;575403132799
10689229761;575406308875
10689232791;575416238436
10689206739;575429057798
10689234556;575431750125
10689230512;575433538890
10689206756;575447328323
10689212980;575452787249
10689229692;575455168577
10689206719;575456148105
10689228366;575461388136
10689233674;575463123072
10689230673;575463894640
10689209140;575475589267
10689233066;575486500651
10689228211;575499440700
10689206917;575501788504
10689209827;575508952646
10689228749;575510568593
10689232723;575540809026
10689208894;575556240258
10689207021;575558204873
10689208755;575576416779
10689230211;575585932529
10689229534;575595694031
10689206824;575601673216
10689206752;575615337539
10689209024;575618657505
10689212440;575618724810
10689208861;575618861927
10689214291;575623709509
10689233093;575624034878
10689230701;575625795770
10689234747;575642891207
10689228272;575646805134
10689230843;575657733919
10689208976;575661486966
10689227925;575666262881
10689228073;575667982167
10689209643;575670544159
10689208908;575684727913
10689233060;575690276093
10689208970;575696828736
10689227942;575705432728
10689209538;575714655179
10689234370;575717301556
10689208732;575720342482
10689232718;575726874072
10689232821;575728053100
10689233063;575732900175
10689230091;575750084683
10689206828;575751764081
10689209333;575766077370
10689230604;575769287280
10689234800;575794373495
10689209156;575795973601
10689206959;575822154874
10689235275;575837034596
10689206605;575841987845
10689229557;575842495852
10689208906;575843643946
10689230461;575844719914
10689209109;575854089456
10689228071;575854558542
10689211832;575858894710
10689206881;575886750504
10689209001;575894171258
10689228017;575897050826
10689227955;575908281468
10689208759;575908361698
10689232578;575938208359
10689229726;575941323092
10689232572;575950703555
10689234679;575951010455
10689206731;575951109800
10689228585;575966515500
10689230124;575978329361
10689206583;575983188293
10689211842;575984283234
10689206721;575985396368
10689234729;576029092859
10689228344;576034653719
10689227951;576067468719
10689229682;576068503192
10689232646;576074135478
10689229678;576085271395
10689234110;576088240769
10689234236;576100893137
10689229498;576115824586
10689213514;576143893146
10689233837;576145949620
10689234733;576149404307
10689228518;576166946158
10689235020;576189318362
10689209341;576189622058
10689208904;576193248117
10689236792;576197726736
10689212988;576202581688
10689212692;576205563072
10689212631;576205653790
10689207881;576205966501
10689228583;576209802566
10689228175;576214738279
10689229852;576227778210
10689206729;576228326830
10689212450;576229470364
10689213430;576248115578
10689237067;576256448654
10689232612;576266274486
10689208813;576267329640
10689231892;576273381527
10689230087;576276881142
10689229549;576277086917
10689227827;576287729459
10689227917;576297344756
10689206905;576316580435
10689229688;576327975920
10689229672;576332663684
10689228042;576337218740
10689233211;576342668746
10689228229;576372518443
10689237098;576395978785
10689233081;576419636145
10689234414;576430156564
10689208912;576455052303
10689206969;576459876586
10689230432;576461300042
10689234381;576603964571
10689212425;576605983563
10689230819;576644098761
10689231564;576658232397
10689227733;576668584834
10689229704;576682476494
10689235854;576702107871
10689232797;576712214408
10689232720;576712365407
10689206832;576727881220
10689206971;576752683578
10689231027;576764453438
10689230667;576768263515
10689230786;576773713194
10689211956;576784473383
10689234675;576837922103
10689230564;576839541306
10689206913;576846688106
10689209257;576876946450
10689234383;576883982764
10689234731;576914592032
10689235604;576918561644
10689230861;576940058187
10689228154;576943635394
10689209022;576943819438
10689230801;576945751785
10689211820;576949029559
10689208966;576963990723
10689228520;576981288432
10689232759;576989176651
10689213341;576996722698
10689232665;577012291651
10689229880;577022814604
10689209158;577056096747
10689233038;577058019974
10689230083;577067739999
10689231499;577079087819
10689234921;577086322523
10689229778;577109920955
10689229838;577112583483
10689209666;577138044000
10689212674;577140844087
10689229567;577157485327
10689209535;577180792906
10689230504;577187476959
10689230498;577201579213
10689213578;577218017786
10689227719;577264340904
10689209005;577272632934
10689233377;577274178024
10689208988;577282869207
10689234385;577302008558
10689206808;577310304134
10689212610;577316868994
10689230406;577343502327
10689228100;577344706631
10689213061;577377344593
10689230665;577377517422
10689206695;577377743395
10689227782;577399665062
10689208730;577418302552
10689206977;577419645362
10689235917;577424557097
10689232727;577460794736
10689208972;577468173684
10689233213;577469891869
10689230220;577469956274
10689209272;577471330490
10689233239;577473922299
10689234379;577477702626
10689211938;577480058008
10689229720;577487250544
10689229410;577495586942
10689230160;577544758181
10689230122;577649623861
10689211909;577660326535
10689230979;577669275752
10689233849;577682100014
10689227648;577702517254
10689206734;577705952826
10689232730;577709865712
10689206830;577780956050
10689212034;577839560072
10689212919;577852080994
10689230279;577861357210
10689213203;577892750375
10689234617;577899240815
10689208762;577912579789
10689206742;577935830674
10689206955;577993615547
10689227962;577995694889
10689228235;578012423786
10689233341;578017024093
10689229696;578026835602
10689230366;578042415419
10689209263;578051831558
10689207835;578094578747
10689230510;578112222044
10689229438;578116905795
10689209154;578119041225
10689230661;578167870487
10689208968;578183675467
10689213071;578204929659
10689230977;578206988541
10689236740;578231763866
10689230360;578246041098
10689230562;578250616126
10689231201;578261701549
10689228171;578261837419
10689227584;578273558370
10689214314;578288433214
10689230420;578305466148
10689228523;578312094465
10689209216;578315389998
10689206957;578328533410
10689209164;578348227146
10689229642;578399780774
10689228032;578423951306
10689233492;578425336512
10689208886;578441983063
10689231051;578524339835
10689209160;578579839762
10689229527;578584641621
10689235643;578593043663
10689230682;578638132947
10689230823;578703556292
10689229676;578718344976
10689234940;578718429901
10689228034;578719707097
10689208662;578819515742
10689233335;578849231423
10689209210;578877531273
10689232875;578953414535
10689228453;579004169251
10689208845;579005675462
10689230358;579047893065
10689211949;579074832216
10689233083;579147606087
10689214425;579676101047
