10689213245
10689213426
10689228088
10689206725
10689232660
10689206834
10689233085
10689229918
10689212094
10689230727
10689231542
10689228053
10689230352
10689236150
10689230496
10689207197
10689213804
10689233034
10689209162
10689228149
10689208852
10689227988
10689229532
10689232479
10689229770
10689227731
10689230518
10689209610
10689229798
10689209003
10689230236
10689212605
10689213315
10689232913
10689227845
10689237964
10689212959
10689207233
10689233097
10689212289
10689211964
10689230635
10689230348
10689229674
10689208914
10689230887
10689229432
10689206711
10689230187
10689234681
10689229712
10689206794
10689235158
10689230305
10689229621
10689207127
10689229684
10689209405
10689208892
10689232871
10689233727
10689213185
10689229457
10689232939
10689209261
10689229525
10689206810
10689233839
10689227993
10689209214
10689229430
10689236381
10689206748
10689206985
10689213045
10689213413
10689229428
10689234944
10689207049
10689206919
10689206993
10689228019
10689206704
10689215391
10689206929
10689209025
10689213676
10689212619
10689208974
10689228049
10689207044
10689232799
10689229424
10689234942
10689234749
10689213253
10689230133
10689228702
10689206744
10689233841
10689228663
10689231045
10689209696
10689228233
10689206981
10689209013
10689228156
10689235673
10689229702
10689206923
10689232873
10689230135
10689233077
10689213249
10689233723
10689234077
10689230416
10689228835
10689212278
10689213632
10689209111
10689213615
10689230424
10689229053
10689230821
10689233343
10689208821
10689233091
10689234938
10689207085
10689206925
10689234619
10689208962
10689232658
10689234558
10689208938
10689211968
10689232622
10689233040
10689208902
10689207541
10689233099
10689231354
10689229836
10689228415
10689231826
10689230492
10689209220
10689234372
10689212690
10689227829
10689229668
10689209136
10689213674
10689233079
10689209595
10689229714
10689206717
10689228231
10689208757
10689232652
10689213280
10689209107
10689229606
10689227729
10689230085
10689227630
10689231512
10689235178
10689232707
10689208980
10689230410
10689230790
10689230297
10689234387
10689229650
10689230681
10689229772
10689230656
10689232781
10689232690
10689207471
10689233271
10689227698
10689232761
10689213187
10689232648
10689206802
10689230362
10689231343
10689229426
10689230081
10689228152
10689228429
10689213028
10689230840
10689229700
10689206806
10689233203
10689212438
10689235647
10689230909
10689212698
10689230346
10689231560
10689234416
10689206948
10689227919
10689212040
10689206796
10689209115
10689233633
10689234366
10689212783
10689233374
10689235645
10689229666
10689212501
10689228447
10689208632
10689206746
10689213032
10689214011
10689229876
10689231024
10689208665
10689208884
10689212448
10689206820
10689208819
10689232815
10689233058
10689230502
10689232663
10689236065
10689233042
10689212442
10689230652
10689209191
10689227692
10689228611
10689230685
10689209193
10689233025
10689206798
10689228173
10689233694
10689233089
10689206963
10689229559
10689212017
10689209120
10689230093
10689227953
10689206927
10689232559
10689230663
10689231023
10689232973
10689229805
10689232650
10689206983
10689229530
10689211936
10689214287
10689234285
10689208990
10689233050
10689229089
10689230185
10689227492
10689206706
10689227586
10689207628
10689230799
10689227909
10689206822
10689208940
10689206910
10689209513
10689230350
10689228097
10689228051
10689230514
10689208660
10689229686
10689206816
10689234796
10689212669
10689206723
10689207060
10689232795
10689209353
10689227735
10689213006
10689207100
10689229734
10689233103
10689209400
10689232763
10689208817
10689230659
10689211773
10689209009
10689233635
10689234279
10689232999
10689232715
10689236714
10689214121
10689229724
10689234677
10689230418
10689213422
10689227893
10689212280
10689229962
10689233095
10689233044
10689206975
10689231828
10689233201
10689208896
10689232576
10689232856
10689229436
10689228021
10689233056
10689211984
10689233087
10689234489
10689211982
10689208890
10689232732
10689229561
10689229698
10689232505
10689228086
10689231019
10689206697
10689230940
10689206931
10689228434
10689234554
10689233062
10689209113
10689230508
10689233138
10689211962
10689234464
10689208603
10689230408
10689236419
10689233729
10689208898
10689213730
10689212898
10689229455
10689233337
10689233273
10689233052
10689212001
10689213498
10689230412
10689228030
10689234798
10689230712
10689231167
10689230342
10689228599
10689230295
10689212067
10689206965
10689234794
10689206936
10689230428
10689229694
10689232711
10689228577
10689233835
10689228090
10689209142
10689206872
10689213199
10689228890
10689233757
10689230143
10689229761
10689232791
10689206739
10689234556
10689230512
10689206756
10689212980
10689229692
10689206719
10689228366
10689233674
10689230673
10689209140
10689233066
10689228211
10689206917
10689209827
10689228749
10689232723
10689208894
10689207021
10689208755
10689230211
10689229534
10689206824
10689206752
10689209024
10689212440
10689208861
10689214291
10689233093
10689230701
10689234747
10689228272
10689230843
10689208976
10689227925
10689228073
10689209643
10689208908
10689233060
10689208970
10689227942
10689209538
10689234370
10689208732
10689232718
10689232821
10689233063
10689230091
10689206828
10689209333
10689230604
10689234800
10689209156
10689206959
10689235275
10689206605
10689229557
10689208906
10689230461
10689209109
10689228071
10689211832
10689206881
10689209001
10689228017
10689227955
10689208759
10689232578
10689229726
10689232572
10689234679
10689206731
10689228585
10689230124
10689206583
10689211842
10689206721
10689234729
10689228344
10689227951
10689229682
10689232646
10689229678
10689234110
10689234236
10689229498
10689213514
10689233837
10689234733
10689228518
10689235020
10689209341
10689208904
10689236792
10689212988
10689212692
10689212631
10689207881
10689228583
10689228175
10689229852
10689206729
10689212450
10689213430
10689237067
10689232612
10689208813
10689231892
10689230087
10689229549
10689227827
10689227917
10689206905
10689229688
10689229672
10689228042
10689233211
10689228229
10689237098
10689233081
10689234414
10689208912
10689206969
10689230432
10689234381
10689212425
10689230819
10689231564
10689227733
10689229704
10689235854
10689232797
10689232720
10689206832
10689206971
10689231027
10689230667
10689230786
10689211956
10689234675
10689230564
10689206913
10689209257
10689234383
10689234731
10689235604
10689230861
10689228154
10689209022
10689230801
10689211820
10689208966
10689228520
10689232759
10689213341
10689232665
10689229880
10689209158
10689233038
10689230083
10689231499
10689234921
10689229778
10689229838
10689209666
10689212674
10689229567
10689209535
10689230504
10689230498
10689213578
10689227719
10689209005
10689233377
10689208988
10689234385
10689206808
10689212610
10689230406
10689228100
10689213061
10689230665
10689206695
10689227782
10689208730
10689206977
10689235917
10689232727
10689208972
10689233213
10689230220
10689209272
10689233239
10689234379
10689211938
10689229720
10689229410
10689230160
10689230122
10689211909
10689230979
10689233849
10689227648
10689206734
10689232730
10689206830
10689212034
10689212919
10689230279
10689213203
10689234617
10689208762
10689206742
10689206955
10689227962
10689228235
10689233341
10689229696
10689230366
10689209263
10689207835
10689230510
10689229438
10689209154
10689230661
10689208968
10689213071
10689230977
10689236740
10689230360
10689230562
10689231201
10689228171
10689227584
10689214314
10689230420
10689228523
10689209216
10689206957
10689209164
10689229642
10689228032
10689233492
10689208886
10689231051
10689209160
10689229527
10689235643
10689230682
10689230823
10689229676
10689234940
10689228034
10689208662
10689233335
10689209210
10689232875
10689228453
10689208845
10689230358
10689211949
10689233083
10689214425
