10731958947;10251879985
10731959156;10673690905
10731960962;10823755853
10731959927;12568385322
10731959814;12580238686
10731959917;12581849585
10731959374;12689187312
10731959999;12889280345
10731959659;12910547787
10731960223;12933769759
10731960878;13022747798
10731959044;13203947334
10731959604;13592600193
10731959964;13636928015
10731959599;13677240716
10731959607;14545144750
10731959587;14765456412
10731959541;14782945250
10731958834;14912866480
10731960052;14995427904
10731959822;15742590200
10731958035;16033320093
10731959808;17539678845
10731960477;18195006927
10731958564;19101801447
10731958437;20287517215
10731960586;20338019363
10731959810;35636801346
10731959129;36939099137
10731958950;37123083657
10731958531;37388480093
10689213245;39304952279
10731959026;39478482310
10731955562;39794485099
10731959933;39919167599
10731960632;39938692130
10731959905;39947879334
10731959936;40074953512
10731959690;40318474750
10689213426;40370464078
10731945665;40466359818
10731960581;40580999576
10731956576;40644642943
10689228088;40758710071
10731957747;40883960959
10731957579;41035091494
10731961518;41270978123
10731958792;41278129283
10731955927;41357695556
10731959824;41357792688
10731960843;41470874576
10731960883;41508024922
10731960849;41509317394
10731960666;41774802062
10731959319;41816556562
10689206725;42237298609
10731959971;43410294060
10689232660;44163831176
10731958902;44499798507
10731960272;45373411446
10731869185;521058902115
10689206834;521338040775
10689233085;521718314432
10731958213;521730538372
10731956841;522718659663
10731870699;522997440305
10731956093;523360659690
10689229918;523782653828
10731959133;524167563679
10731956287;524381162954
10731958826;524436871040
10689212094;525029066183
10731959149;525536353094
10689230727;527122606845
10689231542;527603662208
10689228053;528090431933
10731958985;528479228393
10731958870;529482356784
10731956658;529603242832
10731960028;530581744486
10731866565;531042644436
10689230352;531167984779
10689236150;532894223094
10689230496;533056492929
10731958944;534117722420
10731960498;534143053515
10731976180;534741082163
10689207197;534823833860
10731865385;535303471712
10731956603;535430553653
10731956900;535638264012
10689213804;535790562544
10731872706;536486240151
10689233034;536664427652
10731866462;536822748505
10689209162;537186669578
10731959048;537242107249
10689228149;537656759945
10731959929;537826984121
10689208852;537932000594
10731958824;537996959845
10731957908;538002883518
10689227988;538005715729
10731957725;538021228244
10731957451;538147389392
10689229532;538199536644
10731956804;538239514222
10731957088;538242792391
10731957866;538289256080
10731959737;538368800340
10731957361;538670427795
10689232479;539027195317
10689229770;539067902498
10689227731;539338265003
10731959582;539383556828
10731957642;539923373469
10731957038;540222955067
10689230518;540606674601
10731866417;541191821310
10689209610;541203039751
10731958941;541257663273
10689229798;541411739988
10731957654;541470942175
10689209003;541769401750
10731870025;541791672697
10731865856;542518841160
10731867682;542519748404
10689230236;542580255230
10689212605;542770320939
10731957086;542905733316
10731955505;543252568567
10689213315;543285746351
10689232913;543333614594
10731976980;543369359121
10689227845;543421403692
10689237964;543631659196
10689212959;543863290654
10689207233;544116896230
10689233097;544387568918
10689212289;544424827612
10689211964;544493184958
10731958656;544561634993
10689230635;544577109512
10689230348;544822292391
10689229674;544904081779
10689208914;545086170695
10689230887;545314538329
10689229432;545704598154
10689206711;545802362064
10689230187;546046118722
10689234681;546406948358
10731958204;546722095858
10731959050;547098744142
10731959887;548141096108
10731955861;548727450934
10689229712;549248384436
10689206794;549428801096
10731961206;550575582643
10689235158;550923681294
10689230305;551875449517
10689229621;551927814263
10731956564;553262265874
10689207127;554412448869
10689229684;554494551503
10731958558;554558425508
10689209405;554691927081
10731957462;554709248774
10689208892;554791053497
10731958155;554832508436
10731956160;555065273415
10689232871;555637842795
10689233727;555710244183
10689213185;555711997704
10731958939;555876293420
10689229457;555931136547
10689232939;555956988857
10731957075;556034384033
10689209261;556093690161
10689229525;556106368033
10689206810;556177158208
10689233839;556192673209
10689227993;556213240155
10689209214;556234661437
10731958057;556242549623
10689229430;556285854755
10731946142;556291345847
10689236381;556350581083
10689206748;556391552024
10689206985;556408754711
10689213045;556431696863
10689213413;556436819957
10689229428;556563626758
10689234944;556584564170
10689207049;556585052706
10689206919;556607694047
10731958562;556699509395
10689206993;556744567987
10731960921;556768182523
10689228019;556768778504
10731959820;556776644066
10689206704;556794671714
10689215391;556846039004
10731956534;556907226413
10731959931;556952890013
10689206929;556962181648
10689209025;556968396962
10689213676;557057256919
10731958896;557064404866
10689212619;557086502632
10689208974;557200145079
10689228049;557209041757
10689207044;557243327646
10689232799;557272443896
10689229424;557327860490
10731956320;557413100608
10689234942;557465151337
10689234749;557467764334
10689213253;557560480793
10689230133;557606983418
10731958025;557649741261
10689228702;557683158814
10731958956;557799964685
10731868653;557847716818
10689206744;557880202700
10689233841;557895799504
10689228663;557900520426
10689231045;557907772923
10689209696;557932596581
10731866160;557952105319
10689228233;557996427061
10689206981;558042275854
10689209013;558048081464
10689228156;558048716048
10689235673;558049637591
10731957870;558062615903
10731956550;558088530732
10731865839;558146254004
10689229702;558157003522
10731958001;558248293658
10689206923;558323690406
10689232873;558438638969
10731960583;558496158614
10731959193;558516852383
10689230135;558525421119
10689233077;558526670719
10689213249;558540140017
10689233723;558633581245
10731946374;558695278642
10731959853;558699097948
10731868751;558772471731
10689234077;558772564269
10689230416;558802587915
10731958865;558807275015
10731961281;558823692056
10731959131;558893818992
10731869796;558936068117
10689228835;558951790853
10689212278;558968274351
10731957479;558972608016
10689213632;559047464991
10689209111;559070926138
10731865390;559117442064
10689213615;559175720319
10731959328;559211656767
10689230424;559269486594
10731958452;559357838883
10689229053;559392508594
10731956839;559463427563
10689230821;559483751401
10731957729;559490436181
10731957940;559494666745
10689233343;559561022997
10731960452;559565409935
10689208821;559568043803
10731865867;559585184114
10731959762;559732320499
10689233091;559774454277
10731962248;559833166207
10689234938;559835494762
10731958096;559848271981
10731958023;559875556556
10731957364;559885061500
10731958484;559893758401
10731959376;559894138424
10689207085;560111163188
10731959036;560219347304
10731868746;560231703757
10689206925;560299290301
10731956323;560429440294
10731865799;560470200448
10689234619;560697094863
10731959542;560706103372
10731957222;560747464387
10731957515;560840732043
10731867104;560903859528
10731866990;560935462039
10731959597;560982922661
10731958952;561030044358
10731866141;561053320214
10731959332;561057682143
10689208962;561067369227
10689232658;561116991305
10689234558;561155925625
10731957727;561161817355
10689208938;561413927122
10731960450;561444196324
10731959187;561518874938
10689211968;561619926899
10689232622;561755748839
10731866419;561979156346
10689233040;562016361469
10731865756;562311711939
10689208902;562417804436
10731960856;562488184599
10731957721;562537119058
10689207541;562732021842
10731957906;562766402409
10689233099;562864410478
10731956560;562867471053
10689231354;563143684961
10689229836;563275300636
10689228415;563286428386
10689231826;563312617329
10689230492;563374756879
10689209220;563485349648
10689234372;563551965626
10731866157;563580476166
10689212690;563628549865
10689227829;563707288055
10689229668;563717741660
10689209136;563731974861
10689213674;563741370023
10731957105;563847112912
10689233079;563853970666
10689209595;563874320901
10689229714;563889118301
10689206717;563933174893
10689228231;563969959600
10689208757;564003871372
10689232652;564063088363
10689213280;564176726603
10689209107;564211876137
10689229606;564253628252
10689227729;564358920110
10689230085;564429961530
10689227630;564436719185
10689231512;564447866981
10689235178;564504181423
10689232707;564512199033
10689208980;564516376952
10689230410;564631330140
10689230790;564672133549
10689230297;564696669729
10689234387;564720089627
10731866809;564730211953
10689229650;564764132332
10689230681;564778906476
10689229772;564855415525
10689230656;564867492682
10689232781;564926094833
10689232690;565014498961
10731957538;565022808054
10689207471;565074822282
10689233271;565076199904
10689227698;565148122157
10689232761;565180178896
10731866024;565228918287
10689213187;565245964838
10689232648;565251247025
10689206802;565386807103
10689230362;565429089362
10689231343;565470904917
10689229426;565506886231
10689230081;565625265152
10689228152;565746312470
10689228429;565924917313
10689213028;565927020748
10689230840;566035260019
10689229700;566280542676
10689206806;566446370480
10689233203;566470125856
10689212438;566472585792
10689235647;566501326416
10689230909;566716831351
10731961617;567216727684
10731958535;567352943160
10689212698;567404431761
10731957542;567434635785
10731959330;567566210445
10689230346;567842968647
10731960775;567886894391
10731958822;568200868033
10689231560;568310014332
10731958906;568633695650
10689234416;568832540332
10689206948;568864982073
10731957382;569149912231
10731960101;569173143223
10731959317;569795076450
10689227919;569799333839
10689212040;570199484842
10689206796;570409925195
10731871926;570643291572
10731961036;570675493678
10731959370;570688626253
10689209115;570689438886
10689233633;570703495275
10731959040;571467624231
10731975811;571745949935
10689234366;571814691356
10731866314;572058086019
10689212783;572081525476
10731946722;572439156762
10689233374;572756075986
10689235645;572817722318
10689229666;572830788554
10731865378;572904920219
10689212501;572959388312
10689228447;573048634745
10689208632;573104358858
10689206746;573117964073
10689213032;573131170476
10689214011;573140760999
10689229876;573187642284
10689231024;573193144307
10689208665;573214521078
10689208884;573246184872
10689212448;573247658362
10689206820;573296314497
10689208819;573313472449
10689232815;573327042987
10689233058;573382640935
10689230502;573530329521
10689232663;573555132404
10689236065;573576125819
10689233042;573639037131
10689212442;573640575098
10689230652;573653528332
10689209191;573683045385
10731976864;573691902969
10689227692;573693509628
10689228611;573697350798
10689230685;573699197740
10689209193;573701913438
10689233025;573705530134
10731946699;573707576230
10731867689;573730792878
10731867127;573746393025
10689206798;573750397637
10689228173;573762361219
10689233694;573764720252
10689233089;573770955409
10689206963;573774664608
10689229559;573793586302
10689212017;573807276298
10689209120;573810110798
10731866935;573812324957
10689230093;573825690628
10689227953;573847930797
10689206927;573858785621
10689232559;573898544851
10731945871;573901711599
10689230663;573913701862
10689231023;573941856003
10689232973;573963557651
10689229805;573968630049
10731960686;573992112950
10689232650;573992516585
10689206983;573994504209
10689229530;574050027222
10731959191;574053779188
10689211936;574063187611
10689214287;574070155090
10689234285;574083094076
10731960901;574087038124
10689208990;574100877656
10689233050;574122411179
10689229089;574129510982
10689230185;574132631434
10689227492;574134173524
10689206706;574135298094
10689227586;574157837619
10689207628;574181216292
10689230799;574192394046
10689227909;574193346329
10689206822;574194625914
10689208940;574219245332
10689206910;574220183908
10689209513;574229052132
10689230350;574235130260
10689228097;574251954867
10689228051;574266730558
10689230514;574267686232
10689208660;574270609267
10689229686;574294151295
10689206816;574299051310
10689234796;574301330524
10689212669;574302826023
10689206723;574308424678
10689207060;574322281306
10689232795;574327430958
10689209353;574331433258
10689227735;574338781290
10689213006;574339991594
10689207100;574347259364
10689229734;574357419268
10689233103;574357479686
10689209400;574359931445
10689232763;574364288027
10689208817;574366172192
10689230659;574374502227
10689211773;574377842281
10689209009;574387090475
10689233635;574434904107
10731956096;574435960804
10731959195;574468623893
10689234279;574476187220
10689232999;574479680634
10689232715;574498904799
10689236714;574511533702
10689214121;574514513473
10689229724;574520833668
10689234677;574524592081
10689230418;574545587024
10731956636;574567582033
10689213422;574568077633
10689227893;574569222274
10731958479;574609458127
10689212280;574614004365
10689229962;574625244058
10689233095;574629786212
10689233044;574633126879
10731957752;574662000711
10689206975;574663944429
10689231828;574667916030
10689233201;574675516199
10689208896;574681198807
10689232576;574681230173
10689232856;574690374543
10689229436;574722803169
10689228021;574727414552
10689233056;574734331186
10689211984;574737128167
10689233087;574741408250
10731959585;574742606487
10689234489;574773693956
10689211982;574793904980
10689208890;574832809547
10689232732;574838783092
10689229561;574845356157
10689229698;574861623875
10689232505;574861651966
10689228086;574864731154
10689231019;574876083479
10689206697;574886892432
10689230940;574904811511
10689206931;574907779198
10731866228;574925951251
10689228434;574928802843
10689234554;574933942388
10689233062;574939758904
10689209113;574940134061
10689230508;574943982632
10731959399;574963452321
10689233138;574979059654
10689211962;574995949460
10689234464;574996250204
10689208603;575036621613
10731959868;575048800253
10689230408;575050166137
10689236419;575057074709
10689233729;575059989157
10731958046;575075848307
10689208898;575124373258
10689213730;575125490183
10689212898;575127214281
10689229455;575141378393
10689233337;575149412823
10689233273;575163774525
10689233052;575163945711
10689212001;575181940211
10689213498;575186693219
10731946766;575198960405
10689230412;575199342958
10689228030;575208588707
10689234798;575211739203
10689230712;575220984169
10689231167;575232834095
10689230342;575236921188
10731957079;575240149579
10689228599;575257040641
10689230295;575267452744
10689212067;575269567166
10689206965;575270332143
10689234794;575276395755
10731955564;575279483316
10731867755;575286499726
10731959804;575286854838
10731960212;575300818382
10689206936;575306536236
10689230428;575313573782
10689229694;575314916422
10689232711;575319486789
10689228577;575323862390
10689233835;575330876845
10731956156;575338700182
10689228090;575352946671
10689209142;575363971278
10689206872;575365349046
10689213199;575375570261
10689228890;575387599443
10689233757;575399392195
10689230143;575403132799
10689229761;575406308875
10731957034;575407299822
10689232791;575416238436
10731946002;575424029188
10689206739;575429057798
10689234556;575431750125
10689230512;575433538890
10689206756;575447328323
10689212980;575452787249
10689229692;575455168577
10689206719;575456148105
10689228366;575461388136
10689233674;575463123072
10689230673;575463894640
10689209140;575475589267
10731957036;575479414180
10689233066;575486500651
10689228211;575499440700
10689206917;575501788504
10689209827;575508952646
10689228749;575510568593
10731960541;575517767436
10731866226;575530882844
10689232723;575540809026
10689208894;575556240258
10689207021;575558204873
10689208755;575576416779
10689230211;575585932529
10689229534;575595694031
10731960610;575596277673
10689206824;575601673216
10731961781;575607413198
10689206752;575615337539
10689209024;575618657505
10689212440;575618724810
10689208861;575618861927
10689214291;575623709509
10689233093;575624034878
10689230701;575625795770
10689234747;575642891207
10689228272;575646805134
10731956498;575651230344
10689230843;575657733919
10689208976;575661486966
10689227925;575666262881
10689228073;575667982167
10689209643;575670544159
10689208908;575684727913
10689233060;575690276093
10689208970;575696828736
10689227942;575705432728
10731865837;575706084935
10731958566;575708907889
10689209538;575714655179
10689234370;575717301556
10689208732;575720342482
10689232718;575726874072
10689232821;575728053100
10689233063;575732900175
10731958668;575739308617
10689230091;575750084683
10689206828;575751764081
10689209333;575766077370
10689230604;575769287280
10689234800;575794373495
10689209156;575795973601
10689206959;575822154874
10731868346;575829426673
10689235275;575837034596
10689206605;575841987845
10689229557;575842495852
10689208906;575843643946
10689230461;575844719914
10689209109;575854089456
10689228071;575854558542
10689211832;575858894710
10731959163;575860852679
10731957936;575878503334
10689206881;575886750504
10689209001;575894171258
10689228017;575897050826
10731959189;575903897200
10689227955;575908281468
10689208759;575908361698
10689232578;575938208359
10689229726;575941323092
10689232572;575950703555
10689234679;575951010455
10689206731;575951109800
10731959160;575957389935
10689228585;575966515500
10689230124;575978329361
10731959606;575983080801
10689206583;575983188293
10689211842;575984283234
10689206721;575985396368
10731868741;575997843700
10731958868;576023766883
10731959372;576025720661
10689234729;576029092859
10689228344;576034653719
10689227951;576067468719
10689229682;576068503192
10689232646;576074135478
10731975884;576080122098
10689229678;576085271395
10689234110;576088240769
10689234236;576100893137
10689229498;576115824586
10689213514;576143893146
10689233837;576145949620
10689234733;576149404307
10731958863;576153791726
10689228518;576166946158
10731959601;576170399291
10731957084;576178204293
10689235020;576189318362
10689209341;576189622058
10689208904;576193248117
10731976283;576196407581
10689236792;576197726736
10689212988;576202581688
10689212692;576205563072
10689212631;576205653790
10689207881;576205966501
10689228583;576209802566
10689228175;576214738279
10689229852;576227778210
10689206729;576228326830
10689212450;576229470364
10689213430;576248115578
10731957380;576253437704
10689237067;576256448654
10689232612;576266274486
10689208813;576267329640
10689231892;576273381527
10689230087;576276881142
10689229549;576277086917
10731956596;576282245168
10689227827;576287729459
10689227917;576297344756
10731957081;576315729257
10689206905;576316580435
10731867957;576318895646
10731866153;576325674120
10731957656;576326706333
10689229688;576327975920
10689229672;576332663684
10689228042;576337218740
10689233211;576342668746
10689228229;576372518443
10731958143;576393894403
10689237098;576395978785
10689233081;576419636145
10689234414;576430156564
10731956325;576435431313
10689208912;576455052303
10689206969;576459876586
10689230432;576461300042
10731958989;576467913571
10731955885;576520769648
10731870264;576522360974
10731866230;576546624864
10731958672;576588904239
10689234381;576603964571
10689212425;576605983563
10731957872;576640561719
10689230819;576644098761
10689231564;576658232397
10689227733;576668584834
10689229704;576682476494
10689235854;576702107871
10689232797;576712214408
10689232720;576712365407
10689206832;576727881220
10731958508;576736371224
10689206971;576752683578
10689231027;576764453438
10689230667;576768263515
10689230786;576773713194
10689211956;576784473383
10689234675;576837922103
10689230564;576839541306
10689206913;576846688106
10731960485;576849129868
10689209257;576876946450
10689234383;576883982764
10689234731;576914592032
10689235604;576918561644
10689230861;576940058187
10689228154;576943635394
10689209022;576943819438
10689230801;576945751785
10731955738;576947623455
10689211820;576949029559
10731960608;576952591095
10689208966;576963990723
10731957567;576969829483
10689228520;576981288432
10689232759;576989176651
10689213341;576996722698
10689232665;577012291651
10689229880;577022814604
10689209158;577056096747
10689233038;577058019974
10689230083;577067739999
10731957405;577068344840
10689231499;577079087819
10689234921;577086322523
10689229778;577109920955
10689229838;577112583483
10689209666;577138044000
10689212674;577140844087
10731956554;577156653794
10689229567;577157485327
10731959688;577164641001
10689209535;577180792906
10689230504;577187476959
10731959326;577195419391
10689230498;577201579213
10689213578;577218017786
10731956598;577248924059
10689227719;577264340904
10731959334;577268162455
10689209005;577272632934
10689233377;577274178024
10689208988;577282869207
10689234385;577302008558
10689206808;577310304134
10689212610;577316868994
10689230406;577343502327
10689228100;577344706631
10731869325;577353754557
10731958179;577375513063
10689213061;577377344593
10689230665;577377517422
10689206695;577377743395
10689227782;577399665062
10689208730;577418302552
10689206977;577419645362
10689235917;577424557097
10731957943;577442362500
10689232727;577460794736
10689208972;577468173684
10689233213;577469891869
10689230220;577469956274
10689209272;577471330490
10731959052;577473042629
10689233239;577473922299
10731959759;577476322311
10689234379;577477702626
10689211938;577480058008
10689229720;577487250544
10689229410;577495586942
10689230160;577544758181
10731956469;577574405291
10731959344;577598130524
10731956293;577615205247
10689230122;577649623861
10689211909;577660326535
10689230979;577669275752
10731958900;577675915196
10731958054;577676117352
10689233849;577682100014
10689227648;577702517254
10731958481;577702856533
10689206734;577705952826
10689232730;577709865712
10731866132;577723109368
10731957077;577740274944
10731867926;577769558311
10689206830;577780956050
10731956295;577795991071
10689212034;577839560072
10689212919;577852080994
10689230279;577861357210
10731960683;577877913146
10689213203;577892750375
10689234617;577899240815
10689208762;577912579789
10689206742;577935830674
10689206955;577993615547
10689227962;577995694889
10689228235;578012423786
10689233341;578017024093
10731957460;578020076032
10689229696;578026835602
10689230366;578042415419
10689209263;578051831558
10731959028;578069294783
10731956634;578072350787
10689207835;578094578747
10689230510;578112222044
10731958513;578113052149
10689229438;578116905795
10689209154;578119041225
10689230661;578167870487
10689208968;578183675467
10689213071;578204929659
10689230977;578206988541
10731947893;578218338792
10689236740;578231763866
10689230360;578246041098
10689230562;578250616126
10731959816;578252895088
10689231201;578261701549
10689228171;578261837419
10689227584;578273558370
10689214314;578288433214
10689230420;578305466148
10689228523;578312094465
10731959185;578314800440
10689209216;578315389998
10689206957;578328533410
10689209164;578348227146
10731956609;578361796166
10689229642;578399780774
10731961258;578412556641
10689228032;578423951306
10689233492;578425336512
10689208886;578441983063
10689231051;578524339835
10731945717;578533705887
10689209160;578579839762
10689229527;578584641621
10689235643;578593043663
10731867711;578627379675
10689230682;578638132947
10731868348;578638880557
10731956712;578699901819
10731958021;578701884594
10689230823;578703556292
10731963829;578714189367
10731960097;578717482112
10689229676;578718344976
10689234940;578718429901
10689228034;578719707097
10731958537;578763983232
10731959054;578818812313
10689208662;578819515742
10689233335;578849231423
10689209210;578877531273
10731958094;578882203860
10689232875;578953414535
10689228453;579004169251
10689208845;579005675462
10731956297;579047846576
10689230358;579047893065
10689211949;579074832216
10731957749;579079631704
10731866705;579079972593
10731958569;579083801834
10731866155;579094657553
10689233083;579147606087
10731865841;579150928748
10731867558;579387938597
10689214425;579676101047
10731957100;579767689054
10731956604;579798676305
10731866669;579848294097
10731957723;579873978669
10731960417;579909028327
10731957610;580150315110
10731958674;580781821743
10731958033;580830015600
10731956807;581008566756
10731963765;581144341288
10731957910;581161114920
10731958983;581393784757
10731957885;581577468904
10731959152;7931576902
10731959657;8656202247
